SM:2022-02-02T14:42:55.4712108Z
LM:2022-02-03T17:26:40.0260780Z
CT:image/jpeg
MA:604800
CL:55056
