SM:2022-02-03T15:52:49.6759777Z
LM:2022-02-07T15:18:21.3765947Z
CT:image/jpeg
MA:604800
CL:42417
