SM:2022-02-03T01:36:13.4455346Z
LM:2022-02-03T01:36:34.7307418Z
CT:image/jpeg
MA:604800
CL:229072
