SM:2022-02-03T15:52:49.6579761Z
LM:2022-02-07T16:18:37.5037434Z
CT:image/jpeg
MA:604800
CL:29506
