SM:2022-02-03T15:52:49.6579761Z
LM:2022-02-07T15:18:20.6643215Z
CT:image/jpeg
MA:604800
CL:29506
