SM:2022-02-02T14:42:55.3162076Z
LM:2022-02-03T17:26:39.6177920Z
CT:image/jpeg
MA:604800
CL:37750
