SM:2022-02-03T15:52:49.7749763Z
LM:2022-02-07T16:25:45.7279369Z
CT:image/jpeg
MA:604800
CL:37777
