SM:2022-02-03T15:52:49.7529773Z
LM:2022-02-07T15:18:20.4390158Z
CT:image/png
MA:604800
CL:5395
