SM:2022-02-03T15:52:49.6439781Z
LM:2022-02-07T16:25:45.3627889Z
CT:image/jpeg
MA:604800
CL:33494
