SM:2022-02-02T14:42:55.3792043Z
LM:2022-02-03T17:26:40.3046903Z
CT:image/jpeg
MA:604800
CL:45416
