SM:2022-02-03T15:52:49.6679768Z
LM:2022-02-07T17:54:19.5025227Z
CT:image/jpeg
MA:604800
CL:24936
