SM:2022-02-03T15:52:49.6439781Z
LM:2022-02-07T16:18:37.7889094Z
CT:image/jpeg
MA:604800
CL:33494
