SM:2022-02-03T15:52:49.7619761Z
LM:2022-02-07T15:18:21.3531247Z
CT:image/jpeg
MA:604800
CL:30803
