SM:2022-02-03T15:52:49.6049770Z
LM:2022-02-07T16:25:45.0436100Z
CT:image/jpeg
MA:604800
CL:74922
