SM:2022-02-03T15:52:49.7689764Z
LM:2022-02-07T15:18:20.4808864Z
CT:image/jpeg
MA:604800
CL:44048
