SM:2022-02-02T14:42:55.3202044Z
LM:2022-02-03T17:26:39.8359782Z
CT:image/jpeg
MA:604800
CL:78878
