SM:2022-02-03T15:52:49.7599762Z
LM:2022-02-07T16:18:37.3458088Z
CT:image/jpeg
MA:604800
CL:237056
