SM:2022-02-02T14:42:55.3452064Z
LM:2022-02-03T17:26:39.8709746Z
CT:image/jpeg
MA:604800
CL:33144
