SM:2022-02-03T15:52:49.5969769Z
LM:2022-02-07T15:18:21.3423224Z
CT:image/jpeg
MA:604800
CL:38835
