SM:2022-02-03T15:52:49.7629768Z
LM:2022-02-07T16:18:37.5167854Z
CT:image/jpeg
MA:604800
CL:55056
