SM:2022-02-03T15:52:49.6069772Z
LM:2022-02-07T16:18:39.0092237Z
CT:image/png
MA:604800
CL:12316
