SM:2022-02-03T15:52:49.6049770Z
LM:2022-02-07T15:18:20.6142419Z
CT:image/jpeg
MA:604800
CL:67385
