SM:2022-02-03T15:52:49.6099770Z
LM:2022-02-07T15:18:21.2093679Z
CT:image/jpeg
MA:604800
CL:37750
