SM:2022-02-02T14:42:55.4602077Z
LM:2022-02-03T17:26:39.6967281Z
CT:image/jpeg
MA:604800
CL:42417
