SM:2022-02-03T15:52:49.7529773Z
LM:2022-02-07T16:18:37.2863804Z
CT:image/png
MA:604800
CL:5395
