SM:2022-02-03T15:52:49.7549765Z
LM:2022-02-07T16:18:38.4842658Z
CT:image/jpeg
MA:604800
CL:44470
