SM:2022-02-02T14:42:55.4132089Z
LM:2022-02-03T17:26:40.5095750Z
CT:image/png
MA:604800
CL:59023
