SM:2022-02-02T14:42:55.3212051Z
LM:2022-02-03T17:26:39.6177951Z
CT:image/jpeg
MA:604800
CL:41231
