SM:2022-02-03T15:52:49.6739777Z
LM:2022-02-07T16:25:46.1181927Z
CT:image/jpeg
MA:604800
CL:39571
