SM:2022-02-03T15:52:49.6899767Z
LM:2022-02-07T17:54:19.5023755Z
CT:image/jpeg
MA:604800
CL:16142
