SM:2022-02-03T15:52:49.6599761Z
LM:2022-02-07T16:25:45.8060832Z
CT:image/jpeg
MA:604800
CL:34638
