SM:2022-02-03T15:52:49.7549765Z
LM:2022-02-07T15:18:21.4635003Z
CT:image/jpeg
MA:604800
CL:44470
