SM:2022-02-03T15:52:49.6889774Z
LM:2022-02-07T16:18:38.3500039Z
CT:image/jpeg
MA:604800
CL:31038
