SM:2022-02-03T15:52:49.5919770Z
LM:2022-02-07T16:25:45.8889475Z
CT:image/jpeg
MA:604800
CL:35782
