SM:2022-02-03T15:52:49.5919770Z
LM:2022-02-07T15:18:21.2863097Z
CT:image/jpeg
MA:604800
CL:35782
