SM:2022-02-03T15:52:49.7749763Z
LM:2022-02-07T16:18:38.2397035Z
CT:image/jpeg
MA:604800
CL:37777
