SM:2022-02-03T15:52:49.6509767Z
LM:2022-02-07T16:18:38.6628610Z
CT:image/jpeg
MA:604800
CL:76435
