SM:2022-02-03T15:52:49.7479777Z
LM:2022-02-07T16:18:38.6387778Z
CT:image/jpeg
MA:604800
CL:34424
