SM:2022-02-02T14:42:55.4542090Z
LM:2022-02-03T17:26:40.2587982Z
CT:image/jpeg
MA:604800
CL:45342
