SM:2022-02-03T15:52:49.6569765Z
LM:2022-02-07T16:25:45.6434980Z
CT:image/jpeg
MA:604800
CL:45851
