SM:2022-02-03T15:52:49.7479777Z
LM:2022-02-07T16:25:46.1236473Z
CT:image/jpeg
MA:604800
CL:34424
