SM:2022-02-02T14:42:55.3532042Z
LM:2022-02-03T17:26:40.1470022Z
CT:image/jpeg
MA:604800
CL:46377
