SM:2022-02-02T14:42:55.4512106Z
LM:2022-02-03T17:26:40.1790322Z
CT:image/jpeg
MA:604800
CL:19541
