SM:2022-02-02T14:42:55.3262071Z
LM:2022-02-03T17:26:40.3699067Z
CT:image/png
MA:604800
CL:5074
