SM:2022-02-02T14:42:55.4632074Z
LM:2022-02-03T17:26:39.7605753Z
CT:image/jpeg
MA:604800
CL:36620
