SM:2022-02-02T14:42:55.3802044Z
LM:2022-02-03T17:26:40.2807151Z
CT:image/jpeg
MA:604800
CL:44286
