SM:2022-02-03T01:36:13.8644747Z
LM:2022-02-03T01:36:34.6647119Z
CT:image/png
MA:604800
CL:32235
