SM:2022-02-03T15:52:49.6869767Z
LM:2022-02-07T17:25:59.5719830Z
CT:image/png
MA:604800
CL:172340
