SM:2022-02-03T15:52:49.5989761Z
LM:2022-02-07T16:18:38.9284402Z
CT:image/jpeg
MA:604800
CL:53604
