SM:2022-02-03T15:52:49.6129774Z
LM:2022-02-07T16:25:45.4149229Z
CT:image/jpeg
MA:604800
CL:45342
