SM:2022-02-03T15:52:49.6509767Z
LM:2022-02-07T15:18:21.6470268Z
CT:image/jpeg
MA:604800
CL:76435
