SM:2022-02-03T15:52:49.7509761Z
LM:2022-02-07T15:18:21.5074473Z
CT:image/jpeg
MA:604800
CL:45416
