SM:2022-02-03T15:52:49.6949756Z
LM:2022-02-07T16:25:46.0631671Z
CT:image/jpeg
MA:604800
CL:27955
