SM:2022-02-03T01:36:13.7053926Z
LM:2022-02-03T01:36:34.4736464Z
CT:image/jpeg
MA:604800
CL:291664
