SM:2022-02-03T15:52:49.6069772Z
LM:2022-02-07T16:18:37.9441301Z
CT:image/jpeg
MA:604800
CL:31552
