SM:2022-02-03T15:52:49.6679768Z
LM:2022-02-07T15:18:20.4635079Z
CT:image/jpeg
MA:604800
CL:47457
