SM:2022-02-03T15:52:49.7299768Z
LM:2022-02-07T16:18:38.0547784Z
CT:image/jpeg
MA:604800
CL:320630
