SM:2022-02-02T14:42:55.3142042Z
LM:2022-02-03T17:26:39.8989627Z
CT:image/jpeg
MA:604800
CL:250179
