SM:2022-02-02T14:42:55.4592108Z
LM:2022-02-03T17:26:39.6903647Z
CT:image/jpeg
MA:604800
CL:48141
