SM:2022-02-02T14:42:55.3372064Z
LM:2022-02-03T17:26:39.6063374Z
CT:image/jpeg
MA:604800
CL:37777
