SM:2022-02-02T14:42:55.3442053Z
LM:2022-02-03T17:26:39.6158367Z
CT:image/jpeg
MA:604800
CL:35782
