SM:2022-02-03T15:52:49.6599761Z
LM:2022-02-07T16:18:38.2827947Z
CT:image/jpeg
MA:604800
CL:34638
