SM:2022-02-03T01:36:13.9442084Z
LM:2022-02-03T01:36:34.6647112Z
CT:image/png
MA:604800
CL:34445
