SM:2022-02-03T15:52:49.6619771Z
LM:2022-02-07T16:18:38.3418002Z
CT:image/jpeg
MA:604800
CL:41940
