SM:2022-02-03T15:52:49.5969769Z
LM:2022-02-07T16:25:45.0325526Z
CT:image/jpeg
MA:604800
CL:41231
