SM:2022-02-03T15:52:49.7109764Z
LM:2022-02-07T15:18:21.8831819Z
CT:image/jpeg
MA:604800
CL:228236
