SM:2022-02-03T15:52:49.6069772Z
LM:2022-02-07T16:25:46.1717593Z
CT:image/png
MA:604800
CL:12316
