SM:2022-02-03T15:52:49.6119765Z
LM:2022-02-07T16:18:38.4938558Z
CT:image/jpeg
MA:604800
CL:35613
