SM:2022-02-02T14:42:55.3422056Z
LM:2022-02-03T17:26:39.9163162Z
CT:image/jpeg
MA:604800
CL:47050
