SM:2022-02-02T14:42:55.4242101Z
LM:2022-02-03T17:26:40.9188076Z
CT:image/jpeg
MA:604800
CL:194936
