SM:2022-02-03T15:52:49.6529768Z
LM:2022-02-07T15:18:21.4940401Z
CT:image/jpeg
MA:604800
CL:43472
