SM:2022-02-03T15:52:49.6079770Z
LM:2022-02-07T16:18:38.9194789Z
CT:image/jpeg
MA:604800
CL:44932
