SM:2022-02-02T14:42:55.3472054Z
LM:2022-02-03T17:26:39.9454736Z
CT:image/jpeg
MA:604800
CL:30803
