SM:2022-02-03T15:52:49.6129774Z
LM:2022-02-07T16:18:37.6316047Z
CT:image/jpeg
MA:604800
CL:45342
