SM:2022-02-02T14:42:55.3082054Z
LM:2022-02-03T17:26:39.8959351Z
CT:image/png
MA:604800
CL:337375
