SM:2022-02-02T14:42:55.4722078Z
LM:2022-02-03T17:26:39.9326211Z
CT:image/jpeg
MA:604800
CL:37943
