SM:2022-02-03T15:52:49.6659760Z
LM:2022-02-07T15:18:21.0214289Z
CT:image/jpeg
MA:604800
CL:51654
