SM:2022-01-30T04:16:57.8402349Z
LM:2022-01-30T04:49:06.4782650Z
CT:image/png
MA:604800
CL:4697
