SM:2022-02-03T15:52:49.7509761Z
LM:2022-02-07T16:18:38.5631845Z
CT:image/jpeg
MA:604800
CL:45416
