SM:2022-02-03T01:36:13.6220864Z
LM:2022-02-03T01:36:34.4736459Z
CT:image/jpeg
MA:604800
CL:242057
