SM:2022-02-03T15:52:49.7199762Z
LM:2022-02-07T15:18:21.8586044Z
CT:image/jpeg
MA:604800
CL:194936
