SM:2022-02-02T14:42:55.3742055Z
LM:2022-02-03T17:26:39.6182428Z
CT:image/jpeg
MA:604800
CL:44932
