SM:2022-02-02T14:42:55.4692078Z
LM:2022-02-03T17:26:39.6469085Z
CT:image/jpeg
MA:604800
CL:29506
