SM:2022-02-02T14:42:55.4532080Z
LM:2022-02-03T17:26:40.2519751Z
CT:image/jpeg
MA:604800
CL:47546
