SM:2022-02-02T14:42:55.4112065Z
LM:2022-02-03T17:26:40.4568284Z
CT:image/png
MA:604800
CL:84866
