SM:2022-02-03T01:36:13.7903371Z
LM:2022-02-03T01:36:34.6647107Z
CT:image/png
MA:604800
CL:28753
