SM:2022-02-03T15:52:49.6949756Z
LM:2022-02-07T15:18:21.5937552Z
CT:image/jpeg
MA:604800
CL:27955
