SM:2022-02-03T15:52:49.7769763Z
LM:2022-02-07T15:18:21.6263832Z
CT:image/jpeg
MA:604800
CL:56792
