SM:2022-02-03T15:52:49.6869767Z
LM:2022-02-07T15:18:20.7079501Z
CT:image/png
MA:604800
CL:379414
