SM:2022-02-03T15:52:49.6869767Z
LM:2022-02-07T16:18:37.5396529Z
CT:image/png
MA:604800
CL:379414
