SM:2022-02-02T14:42:55.3952080Z
LM:2022-02-03T17:26:40.9089420Z
CT:image/jpeg
MA:604800
CL:335502
