SM:2022-02-03T15:52:49.6849762Z
LM:2022-02-07T16:18:38.1153093Z
CT:image/png
MA:604800
CL:59023
