SM:2022-02-03T15:52:49.6199762Z
LM:2022-02-07T16:18:38.3834455Z
CT:image/jpeg
MA:604800
CL:250179
