SM:2022-02-03T15:52:49.6529768Z
LM:2022-02-07T16:18:38.4791092Z
CT:image/jpeg
MA:604800
CL:43472
