SM:2022-02-03T15:52:49.6259785Z
LM:2022-02-07T16:25:45.7611658Z
CT:image/png
MA:604800
CL:84866
