SM:2022-02-03T15:52:49.6569765Z
LM:2022-02-07T15:18:21.0722533Z
CT:image/jpeg
MA:604800
CL:45851
