SM:2022-02-03T15:52:49.6659760Z
LM:2022-02-07T16:18:38.7752065Z
CT:image/jpeg
MA:604800
CL:56937
