SM:2022-02-03T15:52:49.6259785Z
LM:2022-02-07T15:18:21.1781666Z
CT:image/png
MA:604800
CL:84866
