SM:2022-02-03T15:52:49.5999771Z
LM:2022-02-07T16:18:38.0683491Z
CT:image/jpeg
MA:604800
CL:36620
