SM:2022-02-03T15:52:49.6579761Z
LM:2022-02-07T17:54:19.5023693Z
CT:image/jpeg
MA:604800
CL:12581
