SM:2022-02-03T15:52:49.7599762Z
LM:2022-02-07T15:18:20.8588055Z
CT:image/jpeg
MA:604800
CL:224593
