SM:2022-02-02T14:42:55.4052068Z
LM:2022-02-03T17:26:40.6354972Z
CT:image/jpeg
MA:604800
CL:320630
