SM:2022-02-03T15:52:49.6579761Z
LM:2022-02-07T16:25:45.2579941Z
CT:image/jpeg
MA:604800
CL:29506
