SM:2022-02-03T15:52:49.6479761Z
LM:2022-02-07T16:18:38.6400307Z
CT:image/jpeg
MA:604800
CL:78878
