SM:2022-02-02T14:42:55.4662081Z
LM:2022-02-03T17:26:39.6722400Z
CT:image/jpeg
MA:604800
CL:31552
