SM:2022-02-03T15:52:49.6049770Z
LM:2022-02-07T15:18:20.4446808Z
CT:image/jpeg
MA:604800
CL:74922
