SM:2022-02-03T15:52:49.7629768Z
LM:2022-02-07T16:25:45.2357227Z
CT:image/jpeg
MA:604800
CL:55056
