SM:2022-02-03T15:52:49.5969769Z
LM:2022-02-07T16:18:38.8589145Z
CT:image/jpeg
MA:604800
CL:41231
