SM:2022-02-03T15:52:49.6259785Z
LM:2022-02-07T16:18:38.1763352Z
CT:image/png
MA:604800
CL:84866
