SM:2022-02-03T15:52:49.7529773Z
LM:2022-02-07T17:25:59.5016918Z
CT:image/png
MA:604800
CL:23010
