SM:2022-02-03T15:52:49.7419764Z
LM:2022-02-07T15:18:21.3370933Z
CT:image/jpeg
MA:604800
CL:335502
