SM:2022-02-03T15:52:49.7199762Z
LM:2022-02-07T16:18:39.0525550Z
CT:image/jpeg
MA:604800
CL:194936
