SM:2022-02-03T15:52:49.7439767Z
LM:2022-02-07T16:25:45.4412880Z
CT:image/jpeg
MA:604800
CL:46558
