SM:2022-02-03T15:52:49.6409761Z
LM:2022-02-07T16:25:45.4030729Z
CT:image/jpeg
MA:604800
CL:54805
