SM:2022-02-02T14:42:55.4332074Z
LM:2022-02-03T17:26:40.9255943Z
CT:image/jpeg
MA:604800
CL:228236
