SM:2022-02-03T15:52:49.7499762Z
LM:2022-02-07T16:18:38.3962592Z
CT:image/jpeg
MA:604800
CL:47050
