SM:2022-02-03T15:52:49.6369760Z
LM:2022-02-07T15:18:21.8663558Z
CT:image/jpeg
MA:604800
CL:141622
