SM:2022-02-03T15:52:49.7789756Z
LM:2022-02-07T16:18:38.4567115Z
CT:image/jpeg
MA:604800
CL:33144
