SM:2022-02-03T15:52:49.6739777Z
LM:2022-02-07T15:18:21.5885086Z
CT:image/jpeg
MA:604800
CL:39571
