SM:2022-02-03T15:52:49.6479761Z
LM:2022-02-07T16:18:39.0048750Z
CT:image/jpeg
MA:604800
CL:82620
