SM:2022-02-03T15:52:49.7689764Z
LM:2022-02-07T16:18:38.0640232Z
CT:image/jpeg
MA:604800
CL:38390
