SM:2022-02-03T15:52:49.5999771Z
LM:2022-02-07T15:18:21.0406823Z
CT:image/jpeg
MA:604800
CL:36620
