SM:2022-02-02T14:42:55.3232048Z
LM:2022-02-03T17:26:39.6940966Z
CT:image/jpeg
MA:604800
CL:79587
