SM:2022-02-02T14:42:55.4402078Z
LM:2022-02-03T17:26:40.9124019Z
CT:image/jpeg
MA:604800
CL:141622
