SM:2022-02-03T15:52:49.6369760Z
LM:2022-02-07T16:25:46.4436584Z
CT:image/jpeg
MA:604800
CL:141622
