SM:2022-02-03T15:52:49.7419764Z
LM:2022-02-07T16:25:45.9634806Z
CT:image/jpeg
MA:604800
CL:335502
