SM:2022-02-03T01:36:13.5395420Z
LM:2022-02-03T01:36:34.6563858Z
CT:image/jpeg
MA:604800
CL:206703
