SM:2022-02-03T15:52:49.7619761Z
LM:2022-02-07T16:25:45.8853338Z
CT:image/jpeg
MA:604800
CL:30803
