SM:2022-02-02T14:42:55.3842042Z
LM:2022-02-03T17:26:39.7037808Z
CT:image/jpeg
MA:604800
CL:249596
