SM:2022-02-03T15:52:49.6679768Z
LM:2022-02-07T16:18:37.4976889Z
CT:image/jpeg
MA:604800
CL:48021
