SM:2022-02-02T14:42:55.3702050Z
LM:2022-02-03T17:26:40.2646001Z
CT:image/jpeg
MA:604800
CL:45851
