SM:2022-02-03T15:52:49.7769763Z
LM:2022-02-07T16:18:38.7045635Z
CT:image/jpeg
MA:604800
CL:56792
