SM:2022-02-03T15:52:49.6899767Z
LM:2022-02-07T15:18:20.6676488Z
CT:image/jpeg
MA:604800
CL:37943
