SM:2022-02-02T14:42:55.3232048Z
LM:2022-02-03T17:26:40.0213635Z
CT:image/jpeg
MA:604800
CL:76435
