SM:2022-02-03T15:52:49.6479761Z
LM:2022-02-07T15:18:21.4627495Z
CT:image/jpeg
MA:604800
CL:78878
