SM:2022-02-03T15:52:49.6439781Z
LM:2022-02-07T15:18:20.8069573Z
CT:image/jpeg
MA:604800
CL:33494
