SM:2022-02-03T15:52:49.6099770Z
LM:2022-02-07T15:18:20.4478711Z
CT:image/jpeg
MA:604800
CL:40452
