SM:2022-02-02T14:42:55.3622052Z
LM:2022-02-03T17:26:40.1847895Z
CT:image/jpeg
MA:604800
CL:39571
