SM:2022-02-03T15:52:49.7749763Z
LM:2022-02-07T15:18:21.1531401Z
CT:image/jpeg
MA:604800
CL:37777
