SM:2022-02-03T15:52:49.6849762Z
LM:2022-02-07T16:25:45.7318060Z
CT:image/png
MA:604800
CL:59023
