SM:2022-02-03T15:52:49.7789756Z
LM:2022-02-07T15:18:21.3190669Z
CT:image/jpeg
MA:604800
CL:33144
